% There are 600 students. Each row is the set of desired courses (numbered from 1 to 18) for that student. 

    9.     13.    3.     7.     5.     8.     6.     12.    14.    11.    18.    15.  
    12.    1.     4.     16.    8.     5.     14.    3.     2.     6.     18.    9.    
    4.     16.    9.     13.    17.    6.     8.     14.    3.     11.    15.    10.  
    4.     16.    9.     13.    14.    11.    2.     15.    5.     10.    17.    8.   
    4.     16.    12.    1.     18.    14.    9.     17.    8.     5.     6.     11.  
    4.     16.    12.    1.     8.     5.     14.    11.    18.    10.    15.    2.   
    9.     13.    12.    1.     11.    10.    18.    8.     4.     2.     5.     15.  
    9.     13.    3.     7.     14.    11.    10.    4.     15.    18.    12.    17.  
    12.    1.     3.     7.     5.     10.    11.    6.     18.    14.    8.     9.   
    9.     13.    12.    1.     18.    10.    17.    3.     6.     14.    8.     15.  
    9.     13.    12.    1.     2.     6.     8.     10.    18.    17.    14.    4.   
    3.     7.     4.     16.    12.    5.     17.    8.     18.    9.     15.    2.   
    12.    1.     9.     13.    2.     5.     6.     10.    14.    8.     11.    3.   
    4.     16.    9.     13.    17.    12.    5.     8.     6.     3.     15.    2.   
    9.     13.    4.     16.    3.     5.     10.    11.    2.     14.    17.    6.   
    4.     16.    3.     7.     6.     11.    15.    17.    2.     14.    12.    18.  
    9.     13.    12.    1.     17.    5.     14.    18.    10.    4.     3.     11.  
    9.     13.    4.     16.    8.     12.    6.     10.    3.     14.    5.     2.   
    4.     16.    3.     7.     9.     5.     11.    17.    15.    8.     12.    2.   
    4.     16.    3.     7.     5.     11.    6.     14.    10.    18.    17.    15.  
    4.     16.    9.     13.    14.    3.     15.    6.     12.    2.     8.     17.  
    3.     7.     12.    1.     4.     10.    9.     6.     18.    8.     2.     17.  
    12.    1.     4.     16.    11.    18.    10.    2.     8.     3.     14.    15.  
    3.     7.     9.     13.    8.     17.    15.    6.     10.    14.    5.     4.   
    4.     16.    9.     13.    11.    18.    15.    10.    2.     12.    3.     5.   
    9.     13.    12.    1.     11.    2.     6.     5.     10.    15.    14.    4.   
    9.     13.    12.    1.     17.    18.    14.    5.     6.     10.    4.     3.   
    12.    1.     3.     7.     10.    11.    4.     17.    8.     6.     15.    14.  
    4.     16.    3.     7.     14.    12.    17.    8.     5.     18.    10.    11.  
    4.     16.    3.     7.     11.    18.    17.    8.     2.     15.    14.    5.   
    3.     7.     9.     13.    10.    18.    4.     5.     11.    2.     6.     14.  
    9.     13.    3.     7.     6.     18.    11.    17.    12.    14.    4.     2.   
    4.     16.    9.     13.    11.    2.     14.    8.     5.     6.     15.    3.   
    3.     7.     9.     13.    14.    8.     18.    15.    17.    6.     10.    5.   
    12.    1.     4.     16.    6.     11.    17.    8.     15.    3.     18.    10.  
    12.    1.     3.     7.     2.     18.    17.    8.     11.    9.     15.    10.  
    12.    1.     4.     16.    5.     11.    8.     3.     9.     15.    18.    14.  
    4.     16.    9.     13.    18.    6.     10.    17.    3.     2.     12.    5.   
    12.    1.     4.     16.    18.    6.     5.     14.    15.    10.    9.     8.   
    12.    1.     4.     16.    18.    17.    8.     2.     14.    6.     5.     11.  
    12.    1.     9.     13.    5.     4.     3.     2.     11.    8.     15.    18.  
    12.    1.     3.     7.     10.    18.    14.    6.     9.     15.    17.    5.   
    4.     16.    3.     7.     15.    2.     9.     17.    6.     8.     5.     12.  
    9.     13.    3.     7.     17.    11.    10.    4.     8.     6.     15.    2.   
    4.     16.    12.    1.     8.     17.    18.    3.     2.     10.    11.    5.   
    12.    1.     3.     7.     5.     15.    4.     2.     11.    10.    8.     6.   
    3.     7.     4.     16.    15.    12.    10.    17.    14.    2.     8.     18.  
    9.     13.    12.    1.     4.     14.    8.     11.    2.     10.    18.    3.   
    4.     16.    3.     7.     15.    17.    8.     11.    12.    10.    18.    5.   
    12.    1.     4.     16.    10.    11.    5.     3.     6.     17.    15.    8.   
    4.     16.    3.     7.     6.     9.     12.    8.     10.    5.     18.    17.  
    12.    1.     4.     16.    18.    10.    5.     15.    9.     11.    2.     17.  
    4.     16.    3.     7.     6.     9.     2.     11.    10.    12.    5.     8.   
    4.     16.    9.     13.    18.    2.     8.     10.    14.    15.    3.     12.  
    9.     13.    4.     16.    11.    10.    18.    14.    5.     12.    8.     17.  
    4.     16.    3.     7.     17.    10.    2.     18.    5.     9.     12.    15.  
    9.     13.    4.     16.    6.     2.     17.    10.    12.    14.    3.     18.  
    4.     16.    12.    1.     8.     9.     6.     14.    18.    10.    2.     5.   
    9.     13.    3.     7.     10.    18.    4.     15.    12.    5.     2.     17.  
    4.     16.    9.     13.    8.     10.    2.     11.    5.     3.     15.    6.   
    4.     16.    12.    1.     17.    10.    15.    2.     6.     3.     9.     14.  
    9.     13.    12.    1.     15.    11.    17.    2.     10.    6.     14.    3.   
    9.     13.    12.    1.     3.     4.     14.    18.    11.    8.     6.     15.  
    9.     13.    4.     16.    6.     3.     5.     11.    14.    17.    18.    12.  
    4.     16.    9.     13.    6.     10.    15.    18.    2.     12.    14.    3.   
    4.     16.    12.    1.     18.    6.     10.    14.    3.     9.     11.    17.  
    12.    1.     9.     13.    11.    18.    17.    4.     14.    10.    5.     3.   
    12.    1.     9.     13.    18.    5.     11.    10.    14.    3.     8.     4.   
    3.     7.     9.     13.    14.    6.     11.    15.    10.    2.     18.    4.   
    4.     16.    3.     7.     18.    11.    2.     14.    8.     5.     6.     12.  
    4.     16.    9.     13.    3.     2.     15.    10.    11.    14.    18.    17.  
    9.     13.    3.     7.     4.     10.    15.    5.     2.     12.    6.     17.  
    9.     13.    12.    1.     14.    8.     3.     6.     10.    18.    15.    2.   
    3.     7.     12.    1.     8.     2.     17.    10.    9.     15.    5.     4.   
    4.     16.    3.     7.     15.    8.     6.     9.     12.    2.     10.    11.  
    9.     13.    3.     7.     14.    15.    2.     5.     8.     11.    6.     4.   
    4.     16.    9.     13.    3.     11.    17.    10.    18.    14.    12.    5.   
    9.     13.    4.     16.    12.    18.    3.     2.     8.     5.     11.    14.  
    4.     16.    12.    1.     3.     18.    15.    11.    2.     8.     6.     10.  
    12.    1.     4.     16.    11.    2.     6.     17.    14.    3.     15.    5.   
    3.     7.     4.     16.    5.     11.    18.    12.    9.     6.     2.     15.  
    4.     16.    12.    1.     18.    8.     6.     15.    2.     14.    11.    3.   
    3.     7.     9.     13.    12.    11.    2.     15.    5.     6.     4.     8.   
    4.     16.    9.     13.    11.    12.    17.    15.    5.     8.     14.    3.   
    4.     16.    3.     7.     14.    18.    9.     17.    8.     5.     15.    10.  
    9.     13.    3.     7.     6.     14.    5.     15.    11.    10.    2.     18.  
    3.     7.     9.     13.    4.     5.     14.    18.    12.    10.    2.     15.  
    9.     13.    3.     7.     8.     4.     15.    18.    5.     12.    10.    6.   
    3.     7.     9.     13.    6.     10.    12.    5.     2.     14.    4.     18.  
    12.    1.     9.     13.    17.    3.     2.     4.     8.     14.    5.     6.   
    4.     16.    9.     13.    14.    11.    17.    5.     3.     15.    2.     18.  
    9.     13.    12.    1.     6.     11.    4.     2.     8.     14.    17.    5.   
    3.     7.     9.     13.    11.    4.     12.    6.     10.    17.    2.     18.  
    3.     7.     12.    1.     6.     9.     15.    5.     11.    17.    4.     10.  
    12.    1.     9.     13.    2.     10.    14.    5.     4.     3.     17.    6.   
    9.     13.    3.     7.     12.    8.     2.     15.    18.    17.    10.    11.  
    9.     13.    12.    1.     10.    5.     3.     4.     6.     17.    18.    2.   
    4.     16.    12.    1.     8.     14.    3.     10.    15.    18.    11.    9.   
    4.     16.    3.     7.     11.    10.    18.    17.    9.     14.    8.     6.   
    12.    1.     9.     13.    18.    6.     11.    8.     3.     2.     15.    4.   
    12.    1.     9.     13.    10.    3.     14.    18.    11.    6.     5.     2.   
    12.    1.     3.     7.     15.    5.     9.     11.    6.     17.    2.     18.  
    12.    1.     3.     7.     18.    6.     5.     11.    15.    8.     10.    4.   
    12.    1.     4.     16.    10.    14.    9.     15.    17.    3.     2.     6.   
    3.     7.     9.     13.    17.    11.    12.    10.    5.     15.    18.    14.  
    3.     7.     9.     13.    6.     4.     10.    15.    11.    2.     17.    8.   
    12.    1.     3.     7.     11.    15.    14.    17.    18.    10.    8.     4.   
    12.    1.     3.     7.     2.     15.    6.     10.    14.    4.     18.    17.  
    12.    1.     4.     16.    6.     5.     3.     18.    10.    11.    9.     14.  
    4.     16.    12.    1.     6.     9.     14.    8.     10.    11.    3.     18.  
    12.    1.     4.     16.    3.     2.     10.    18.    17.    15.    11.    5.   
    12.    1.     3.     7.     5.     2.     4.     17.    18.    11.    10.    14.  
    3.     7.     9.     13.    5.     14.    18.    6.     11.    15.    4.     2.   
    9.     13.    4.     16.    3.     17.    5.     2.     8.     10.    18.    6.   
    12.    1.     9.     13.    2.     18.    15.    14.    17.    10.    3.     6.   
    12.    1.     3.     7.     17.    18.    15.    10.    8.     5.     2.     6.   
    12.    1.     9.     13.    8.     10.    4.     2.     5.     18.    14.    3.   
    4.     16.    9.     13.    17.    14.    10.    11.    2.     8.     6.     5.   
    12.    1.     3.     7.     17.    14.    2.     10.    18.    5.     9.     15.  
    12.    1.     4.     16.    11.    5.     3.     8.     14.    9.     17.    15.  
    4.     16.    3.     7.     5.     9.     6.     14.    8.     17.    18.    10.  
    9.     13.    4.     16.    14.    18.    3.     6.     5.     11.    15.    12.  
    9.     13.    3.     7.     4.     2.     10.    5.     12.    17.    8.     6.   
    12.    1.     3.     7.     8.     9.     17.    15.    10.    14.    4.     18.  
    9.     13.    12.    1.     17.    4.     11.    2.     3.     15.    8.     14.  
    3.     7.     9.     13.    14.    10.    18.    12.    17.    6.     2.     11.  
    4.     16.    9.     13.    14.    2.     10.    5.     18.    11.    12.    17.  
    3.     7.     4.     16.    14.    2.     5.     18.    11.    8.     9.     12.  
    9.     13.    12.    1.     18.    2.     3.     10.    5.     15.    11.    8.   
    4.     16.    12.    1.     2.     9.     11.    15.    10.    8.     3.     17.  
    12.    1.     4.     16.    2.     11.    3.     14.    6.     15.    10.    5.   
    3.     7.     9.     13.    10.    14.    4.     12.    17.    2.     8.     15.  
    12.    1.     4.     16.    6.     11.    17.    8.     10.    5.     14.    15.  
    12.    1.     4.     16.    15.    5.     9.     10.    8.     2.     17.    18.  
    3.     7.     9.     13.    12.    10.    5.     11.    2.     18.    6.     4.   
    9.     13.    12.    1.     6.     11.    18.    14.    5.     17.    2.     4.   
    3.     7.     12.    1.     4.     2.     8.     15.    5.     11.    17.    18.  
    9.     13.    3.     7.     15.    17.    11.    12.    2.     18.    14.    5.   
    9.     13.    12.    1.     15.    10.    17.    4.     8.     5.     18.    14.  
    9.     13.    12.    1.     10.    2.     17.    15.    5.     3.     14.    6.   
    4.     16.    9.     13.    5.     2.     8.     14.    10.    11.    3.     6.   
    3.     7.     9.     13.    11.    18.    6.     17.    10.    8.     14.    15.  
    3.     7.     9.     13.    10.    18.    4.     11.    14.    2.     8.     15.  
    12.    1.     9.     13.    6.     4.     15.    11.    5.     2.     3.     10.  
    4.     16.    3.     7.     10.    12.    5.     6.     11.    2.     18.    9.   
    9.     13.    3.     7.     6.     11.    8.     5.     15.    2.     17.    10.  
    12.    1.     3.     7.     4.     11.    15.    10.    18.    17.    6.     5.   
    3.     7.     9.     13.    8.     12.    6.     14.    10.    11.    17.    15.  
    9.     13.    12.    1.     2.     18.    10.    11.    15.    5.     17.    4.   
    3.     7.     12.    1.     10.    2.     8.     9.     5.     11.    15.    6.   
    3.     7.     12.    1.     15.    6.     2.     11.    9.     18.    17.    4.   
    9.     13.    12.    1.     8.     4.     6.     14.    10.    3.     17.    2.   
    3.     7.     9.     13.    8.     10.    15.    18.    12.    4.     14.    17.  
    3.     7.     4.     16.    14.    17.    6.     11.    8.     15.    9.     18.  
    3.     7.     12.    1.     18.    11.    9.     17.    2.     6.     5.     15.  
    9.     13.    12.    1.     4.     14.    5.     18.    6.     11.    10.    15.  
    9.     13.    3.     7.     11.    17.    14.    5.     12.    2.     6.     18.  
    3.     7.     9.     13.    18.    17.    15.    6.     5.     12.    11.    8.   
    12.    1.     4.     16.    2.     3.     11.    6.     17.    15.    10.    14.  
    9.     13.    3.     7.     10.    17.    8.     15.    2.     12.    11.    18.  
    9.     13.    12.    1.     6.     5.     8.     2.     18.    3.     11.    17.  
    9.     13.    3.     7.     2.     14.    17.    12.    8.     5.     18.    10.  
    3.     7.     4.     16.    17.    8.     9.     5.     14.    6.     2.     12.  
    3.     7.     9.     13.    14.    17.    4.     6.     11.    8.     2.     5.   
    3.     7.     9.     13.    17.    4.     14.    6.     8.     18.    11.    12.  
    9.     13.    4.     16.    14.    6.     11.    3.     10.    5.     18.    2.   
    9.     13.    4.     16.    12.    11.    2.     8.     10.    5.     17.    6.   
    9.     13.    12.    1.     2.     8.     10.    17.    11.    15.    5.     18.  
    12.    1.     9.     13.    14.    3.     10.    11.    15.    17.    4.     6.   
    3.     7.     12.    1.     18.    15.    5.     2.     14.    11.    4.     17.  
    3.     7.     9.     13.    8.     18.    4.     12.    10.    17.    5.     14.  
    3.     7.     9.     13.    14.    18.    6.     4.     8.     10.    17.    2.   
    9.     13.    4.     16.    15.    6.     17.    18.    8.     5.     12.    11.  
    4.     16.    9.     13.    2.     6.     8.     18.    3.     11.    12.    17.  
    9.     13.    4.     16.    14.    6.     15.    2.     17.    10.    12.    11.  
    3.     7.     9.     13.    12.    8.     18.    17.    14.    5.     2.     6.   
    12.    1.     9.     13.    11.    5.     18.    3.     6.     17.    2.     15.  
    12.    1.     9.     13.    14.    6.     15.    11.    18.    10.    5.     4.   
    9.     13.    4.     16.    18.    10.    8.     11.    15.    17.    3.     6.   
    4.     16.    9.     13.    18.    3.     14.    12.    8.     10.    5.     15.  
    3.     7.     9.     13.    4.     17.    2.     11.    10.    12.    5.     18.  
    9.     13.    4.     16.    11.    2.     6.     10.    12.    8.     15.    14.  
    3.     7.     4.     16.    2.     11.    17.    5.     18.    15.    14.    6.   
    3.     7.     12.    1.     2.     6.     10.    4.     14.    17.    5.     18.  
    12.    1.     9.     13.    3.     14.    15.    2.     8.     6.     4.     18.  
    3.     7.     9.     13.    17.    11.    6.     18.    8.     5.     12.    10.  
    9.     13.    3.     7.     10.    5.     8.     18.    2.     4.     12.    14.  
    12.    1.     9.     13.    10.    2.     4.     8.     3.     14.    11.    15.  
    4.     16.    3.     7.     14.    11.    6.     18.    17.    10.    8.     12.  
    3.     7.     9.     13.    10.    2.     14.    15.    11.    12.    4.     17.  
    9.     13.    4.     16.    6.     8.     11.    12.    17.    15.    18.    3.   
    9.     13.    3.     7.     8.     11.    2.     18.    4.     12.    14.    6.   
    3.     7.     4.     16.    9.     5.     8.     2.     6.     18.    11.    17.  
    12.    1.     4.     16.    3.     10.    11.    18.    2.     15.    5.     14.  
    9.     13.    12.    1.     3.     6.     11.    8.     5.     17.    2.     4.   
    3.     7.     9.     13.    17.    6.     12.    10.    5.     18.    2.     11.  
    4.     16.    9.     13.    2.     18.    14.    12.    5.     11.    3.     17.  
    12.    1.     9.     13.    17.    2.     5.     3.     10.    8.     4.     15.  
    4.     16.    3.     7.     17.    10.    2.     12.    9.     15.    14.    5.   
    4.     16.    3.     7.     10.    18.    9.     17.    11.    15.    8.     6.   
    4.     16.    3.     7.     17.    9.     14.    18.    11.    6.     15.    2.   
    4.     16.    9.     13.    6.     8.     14.    17.    10.    11.    12.    3.   
    3.     7.     9.     13.    5.     2.     14.    4.     18.    8.     6.     15.  
    3.     7.     4.     16.    6.     12.    10.    2.     11.    17.    14.    9.   
    12.    1.     9.     13.    5.     15.    4.     14.    11.    2.     10.    3.   
    12.    1.     9.     13.    8.     10.    5.     17.    4.     3.     14.    2.   
    12.    1.     3.     7.     10.    4.     6.     15.    17.    2.     11.    9.   
    4.     16.    9.     13.    5.     8.     11.    14.    18.    17.    12.    6.   
    12.    1.     9.     13.    14.    11.    4.     2.     10.    18.    17.    5.   
    3.     7.     9.     13.    18.    2.     4.     6.     5.     12.    14.    10.  
    12.    1.     3.     7.     4.     14.    2.     5.     6.     10.    15.    17.  
    3.     7.     9.     13.    15.    17.    10.    11.    6.     2.     14.    12.  
    12.    1.     3.     7.     17.    9.     10.    5.     15.    18.    14.    6.   
    3.     7.     4.     16.    14.    9.     2.     15.    11.    18.    10.    17.  
    9.     13.    4.     16.    14.    17.    18.    15.    12.    10.    2.     5.   
    12.    1.     9.     13.    10.    2.     17.    6.     15.    4.     8.     11.  
    9.     13.    3.     7.     17.    14.    8.     6.     12.    11.    2.     18.  
    12.    1.     9.     13.    14.    5.     2.     6.     17.    3.     8.     18.  
    12.    1.     9.     13.    8.     3.     2.     15.    11.    4.     17.    6.   
    4.     16.    3.     7.     9.     12.    2.     5.     14.    8.     15.    10.  
    3.     7.     4.     16.    12.    17.    6.     2.     15.    11.    8.     18.  
    3.     7.     12.    1.     15.    4.     10.    8.     2.     11.    14.    17.  
    12.    1.     3.     7.     11.    5.     14.    4.     8.     10.    9.     2.   
    3.     7.     12.    1.     15.    2.     10.    9.     8.     18.    6.     5.   
    12.    1.     9.     13.    15.    14.    3.     17.    4.     11.    2.     10.  
    12.    1.     3.     7.     8.     15.    10.    2.     11.    18.    14.    9.   
    9.     13.    12.    1.     18.    8.     3.     5.     4.     10.    2.     11.  
    9.     13.    4.     16.    3.     10.    5.     18.    6.     11.    8.     17.  
    3.     7.     4.     16.    17.    15.    9.     18.    5.     6.     8.     2.   
    12.    1.     4.     16.    8.     18.    17.    5.     9.     15.    10.    3.   
    12.    1.     9.     13.    15.    18.    11.    2.     5.     3.     4.     14.  
    4.     16.    12.    1.     3.     15.    10.    8.     6.     2.     5.     18.  
    9.     13.    4.     16.    10.    11.    18.    14.    5.     17.    2.     6.   
    12.    1.     4.     16.    9.     3.     5.     10.    17.    6.     18.    11.  
    12.    1.     3.     7.     11.    15.    9.     5.     14.    2.     10.    4.   
    4.     16.    9.     13.    14.    10.    2.     3.     5.     18.    12.    8.   
    3.     7.     12.    1.     17.    9.     14.    18.    15.    10.    6.     8.   
    12.    1.     9.     13.    18.    10.    6.     14.    15.    2.     8.     4.   
    12.    1.     3.     7.     17.    6.     9.     5.     18.    2.     15.    8.   
    3.     7.     4.     16.    6.     15.    14.    8.     11.    17.    18.    2.   
    9.     13.    4.     16.    18.    2.     10.    8.     17.    11.    14.    6.   
    4.     16.    12.    1.     15.    10.    9.     8.     17.    14.    5.     3.   
    4.     16.    12.    1.     18.    10.    9.     8.     17.    2.     5.     6.   
    12.    1.     3.     7.     15.    4.     9.     11.    2.     5.     6.     10.  
    12.    1.     4.     16.    17.    6.     2.     18.    3.     9.     14.    8.   
    12.    1.     4.     16.    6.     15.    11.    5.     17.    9.     8.     2.   
    3.     7.     4.     16.    17.    8.     15.    14.    10.    9.     12.    2.   
    12.    1.     9.     13.    10.    11.    3.     8.     5.     18.    6.     4.   
    12.    1.     9.     13.    15.    17.    8.     5.     11.    10.    18.    2.   
    12.    1.     4.     16.    11.    15.    10.    18.    17.    5.     8.     14.  
    4.     16.    3.     7.     18.    15.    9.     14.    11.    12.    5.     2.   
    9.     13.    12.    1.     4.     5.     15.    2.     18.    11.    3.     8.   
    12.    1.     9.     13.    15.    8.     18.    4.     6.     17.    5.     3.   
    12.    1.     4.     16.    3.     17.    14.    11.    2.     9.     15.    5.   
    4.     16.    3.     7.     6.     2.     9.     17.    11.    8.     14.    5.   
    12.    1.     3.     7.     2.     11.    4.     18.    8.     15.    14.    10.  
    12.    1.     4.     16.    9.     8.     18.    5.     11.    17.    2.     3.   
    9.     13.    3.     7.     6.     12.    18.    14.    15.    2.     11.    5.   
    4.     16.    3.     7.     15.    8.     11.    10.    17.    5.     9.     2.   
    9.     13.    3.     7.     5.     6.     4.     14.    15.    18.    17.    8.   
    3.     7.     4.     16.    18.    11.    9.     14.    6.     12.    10.    2.   
    3.     7.     12.    1.     17.    5.     11.    2.     4.     6.     14.    18.  
    3.     7.     9.     13.    4.     18.    8.     11.    12.    14.    6.     2.   
    3.     7.     9.     13.    17.    10.    6.     2.     12.    8.     18.    4.   
    3.     7.     12.    1.     6.     5.     15.    18.    10.    8.     11.    14.  
    12.    1.     4.     16.    18.    3.     17.    10.    11.    9.     8.     15.  
    4.     16.    9.     13.    18.    6.     10.    5.     8.     12.    2.     11.  
    9.     13.    3.     7.     8.     5.     15.    6.     18.    10.    2.     14.  
    4.     16.    3.     7.     8.     15.    12.    14.    5.     17.    9.     18.  
    4.     16.    12.    1.     9.     14.    8.     3.     5.     10.    17.    11.  
    9.     13.    12.    1.     6.     2.     3.     4.     10.    5.     8.     15.  
    3.     7.     9.     13.    17.    6.     8.     4.     5.     18.    15.    14.  
    4.     16.    12.    1.     14.    10.    17.    3.     18.    5.     9.     11.  
    3.     7.     12.    1.     17.    15.    5.     14.    11.    2.     9.     8.   
    9.     13.    3.     7.     10.    6.     18.    4.     15.    14.    12.    17.  
    9.     13.    3.     7.     8.     11.    12.    5.     18.    14.    15.    6.   
    12.    1.     4.     16.    17.    9.     15.    8.     18.    3.     11.    10.  
    12.    1.     4.     16.    10.    11.    15.    3.     17.    2.     18.    6.   
    4.     16.    3.     7.     11.    2.     10.    5.     17.    6.     12.    18.  
    4.     16.    3.     7.     9.     14.    8.     5.     10.    2.     11.    15.  
    3.     7.     9.     13.    18.    17.    12.    11.    2.     6.     8.     10.  
    12.    1.     9.     13.    2.     4.     5.     18.    10.    15.    6.     3.   
    12.    1.     9.     13.    4.     6.     10.    17.    2.     3.     18.    11.  
    9.     13.    12.    1.     5.     17.    2.     4.     3.     10.    11.    6.   
    12.    1.     9.     13.    8.     5.     15.    10.    18.    4.     11.    6.   
    9.     13.    3.     7.     2.     4.     5.     15.    10.    18.    11.    17.  
    9.     13.    12.    1.     11.    10.    8.     18.    5.     4.     15.    3.   
    12.    1.     9.     13.    8.     17.    5.     4.     18.    6.     14.    10.  
    4.     16.    12.    1.     11.    6.     17.    10.    8.     18.    14.    3.   
    4.     16.    3.     7.     5.     8.     2.     12.    10.    15.    18.    14.  
    9.     13.    3.     7.     15.    5.     8.     4.     10.    6.     11.    12.  
    4.     16.    9.     13.    6.     2.     15.    14.    17.    3.     5.     11.  
    12.    1.     3.     7.     5.     10.    15.    11.    8.     2.     18.    17.  
    9.     13.    4.     16.    11.    15.    10.    14.    6.     3.     18.    12.  
    4.     16.    9.     13.    17.    2.     10.    18.    8.     3.     12.    15.  
    4.     16.    9.     13.    11.    18.    10.    6.     3.     8.     17.    12.  
    9.     13.    3.     7.     8.     6.     11.    4.     2.     10.    18.    15.  
    12.    1.     3.     7.     10.    4.     18.    9.     8.     14.    11.    2.   
    4.     16.    12.    1.     18.    8.     3.     15.    17.    14.    5.     6.   
    3.     7.     9.     13.    10.    15.    8.     2.     14.    17.    12.    18.  
    4.     16.    9.     13.    10.    14.    5.     8.     17.    2.     18.    15.  
    9.     13.    12.    1.     18.    14.    11.    3.     4.     10.    2.     15.  
    9.     13.    12.    1.     10.    5.     15.    14.    17.    4.     2.     8.   
    3.     7.     9.     13.    18.    6.     4.     10.    2.     17.    8.     15.  
    12.    1.     9.     13.    6.     3.     11.    2.     4.     10.    8.     15.  
    12.    1.     9.     13.    18.    17.    3.     2.     14.    8.     5.     6.   
    9.     13.    3.     7.     2.     11.    18.    5.     15.    4.     8.     17.  
    12.    1.     3.     7.     8.     9.     17.    4.     18.    11.    14.    6.   
    9.     13.    4.     16.    11.    8.     17.    18.    10.    2.     6.     12.  
    4.     16.    9.     13.    8.     15.    14.    17.    2.     3.     12.    6.   
    4.     16.    3.     7.     11.    5.     15.    9.     6.     12.    17.    10.  
    4.     16.    3.     7.     5.     14.    17.    6.     12.    15.    2.     10.  
    3.     7.     4.     16.    11.    5.     17.    9.     15.    18.    12.    10.  
    12.    1.     4.     16.    2.     3.     10.    14.    6.     9.     15.    11.  
    12.    1.     3.     7.     17.    9.     8.     2.     5.     15.    11.    14.  
    9.     13.    4.     16.    5.     10.    15.    11.    6.     18.    8.     3.   
    9.     13.    4.     16.    3.     12.    15.    14.    5.     6.     8.     10.  
    12.    1.     4.     16.    9.     18.    5.     17.    8.     3.     14.    11.  
    3.     7.     9.     13.    18.    12.    2.     8.     4.     17.    14.    11.  
    9.     13.    12.    1.     10.    5.     6.     15.    18.    3.     4.     2.   
    3.     7.     4.     16.    12.    8.     11.    15.    9.     17.    10.    18.  
    9.     13.    12.    1.     15.    10.    6.     4.     17.    8.     11.    2.   
    9.     13.    3.     7.     18.    4.     5.     2.     12.    17.    14.    10.  
    3.     7.     4.     16.    11.    6.     2.     8.     18.    14.    10.    9.   
    12.    1.     3.     7.     2.     14.    6.     4.     9.     8.     10.    18.  
    9.     13.    12.    1.     5.     11.    15.    6.     8.     17.    10.    18.  
    4.     16.    12.    1.     10.    11.    6.     17.    14.    2.     8.     3.   
    4.     16.    9.     13.    12.    5.     18.    6.     3.     17.    15.    14.  
    3.     7.     12.    1.     5.     14.    18.    10.    15.    4.     9.     17.  
    4.     16.    12.    1.     8.     18.    3.     14.    10.    6.     15.    17.  
    12.    1.     3.     7.     6.     2.     4.     17.    11.    18.    5.     9.   
    12.    1.     3.     7.     9.     4.     14.    18.    2.     11.    15.    17.  
    12.    1.     3.     7.     5.     6.     10.    14.    17.    18.    8.     15.  
    3.     7.     4.     16.    5.     9.     8.     12.    15.    14.    2.     10.  
    4.     16.    3.     7.     9.     17.    2.     11.    12.    15.    18.    5.   
    4.     16.    12.    1.     8.     14.    17.    2.     6.     3.     18.    15.  
    4.     16.    12.    1.     15.    5.     8.     9.     6.     11.    17.    10.  
    4.     16.    3.     7.     10.    18.    12.    17.    6.     9.     15.    11.  
    3.     7.     12.    1.     11.    17.    14.    4.     15.    10.    2.     6.   
    12.    1.     3.     7.     14.    4.     11.    10.    2.     15.    6.     8.   
    4.     16.    3.     7.     12.    11.    8.     9.     2.     18.    6.     14.  
    4.     16.    9.     13.    14.    5.     8.     18.    17.    15.    11.    6.   
    9.     13.    3.     7.     4.     14.    12.    10.    11.    17.    8.     6.   
    4.     16.    3.     7.     12.    18.    9.     2.     14.    8.     15.    6.   
    3.     7.     9.     13.    6.     10.    8.     18.    15.    14.    12.    5.   
    12.    1.     3.     7.     4.     11.    10.    15.    8.     17.    9.     18.  
    12.    1.     4.     16.    14.    5.     2.     11.    18.    10.    3.     9.   
    9.     13.    3.     7.     18.    8.     11.    2.     6.     15.    10.    14.  
    4.     16.    3.     7.     17.    9.     14.    6.     18.    8.     12.    2.   
    3.     7.     4.     16.    12.    18.    8.     15.    11.    10.    9.     2.   
    12.    1.     9.     13.    18.    11.    8.     4.     6.     3.     10.    2.   
    3.     7.     9.     13.    2.     11.    15.    5.     17.    8.     10.    18.  
    3.     7.     12.    1.     10.    17.    5.     11.    8.     6.     4.     15.  
    4.     16.    3.     7.     6.     10.    18.    2.     11.    17.    5.     12.  
    3.     7.     9.     13.    10.    4.     15.    2.     6.     12.    18.    5.   
    12.    1.     9.     13.    5.     15.    10.    14.    8.     3.     2.     17.  
    3.     7.     12.    1.     18.    10.    14.    15.    8.     17.    5.     11.  
    12.    1.     9.     13.    18.    11.    14.    4.     17.    10.    5.     6.   
    9.     13.    3.     7.     6.     12.    2.     15.    10.    11.    5.     18.  
    3.     7.     12.    1.     11.    9.     15.    6.     2.     5.     14.    10.  
    3.     7.     9.     13.    15.    10.    6.     14.    4.     8.     5.     12.  
    12.    1.     3.     7.     17.    18.    14.    2.     8.     6.     4.     11.  
    12.    1.     9.     13.    15.    17.    18.    5.     14.    11.    4.     3.   
    3.     7.     4.     16.    5.     6.     10.    11.    17.    9.     2.     8.   
    4.     16.    12.    1.     3.     17.    18.    10.    2.     5.     14.    6.   
    4.     16.    3.     7.     17.    15.    9.     6.     11.    5.     10.    14.  
    12.    1.     4.     16.    9.     14.    17.    2.     8.     15.    18.    11.  
    3.     7.     9.     13.    17.    14.    12.    5.     10.    4.     11.    15.  
    4.     16.    3.     7.     14.    10.    8.     6.     17.    18.    11.    2.   
    3.     7.     9.     13.    8.     6.     2.     4.     18.    14.    10.    11.  
    12.    1.     4.     16.    17.    8.     15.    10.    11.    18.    9.     3.   
    4.     16.    3.     7.     10.    11.    17.    5.     6.     8.     12.    9.   
    12.    1.     3.     7.     17.    8.     11.    15.    4.     10.    18.    5.   
    3.     7.     9.     13.    10.    12.    14.    8.     2.     4.     11.    6.   
    9.     13.    4.     16.    10.    2.     3.     15.    12.    18.    17.    6.   
    3.     7.     12.    1.     5.     17.    9.     18.    10.    11.    8.     2.   
    9.     13.    12.    1.     18.    4.     3.     17.    5.     10.    2.     6.   
    3.     7.     9.     13.    2.     15.    8.     17.    14.    10.    4.     11.  
    9.     13.    4.     16.    14.    8.     12.    11.    17.    15.    5.     10.  
    12.    1.     4.     16.    17.    14.    8.     15.    2.     3.     6.     18.  
    4.     16.    12.    1.     2.     15.    5.     8.     10.    6.     18.    3.   
    4.     16.    12.    1.     15.    9.     6.     17.    14.    5.     10.    3.   
    4.     16.    3.     7.     8.     17.    9.     11.    5.     10.    12.    6.   
    12.    1.     9.     13.    4.     18.    11.    17.    3.     10.    14.    5.   
    12.    1.     9.     13.    11.    5.     15.    18.    10.    8.     17.    14.  
    4.     16.    3.     7.     15.    8.     6.     10.    2.     5.     12.    17.  
    3.     7.     4.     16.    9.     14.    8.     15.    5.     18.    11.    12.  
    12.    1.     4.     16.    10.    6.     14.    8.     11.    9.     5.     18.  
    4.     16.    12.    1.     8.     10.    14.    18.    11.    6.     2.     9.   
    12.    1.     3.     7.     11.    10.    5.     4.     14.    6.     15.    9.   
    3.     7.     9.     13.    15.    2.     14.    6.     12.    18.    17.    11.  
    4.     16.    3.     7.     11.    10.    2.     9.     18.    5.     8.     14.  
    4.     16.    12.    1.     8.     6.     10.    17.    14.    9.     5.     18.  
    4.     16.    3.     7.     15.    8.     5.     11.    10.    17.    2.     18.  
    12.    1.     3.     7.     14.    10.    5.     4.     15.    9.     17.    11.  
    4.     16.    9.     13.    8.     18.    5.     6.     15.    17.    10.    11.  
    4.     16.    3.     7.     11.    9.     8.     6.     15.    2.     12.    5.   
    12.    1.     4.     16.    15.    10.    5.     11.    6.     17.    9.     3.   
    4.     16.    12.    1.     17.    14.    11.    5.     6.     18.    3.     9.   
    9.     13.    4.     16.    18.    8.     17.    11.    6.     10.    2.     15.  
    12.    1.     9.     13.    5.     11.    17.    4.     10.    3.     18.    14.  
    12.    1.     9.     13.    15.    18.    4.     11.    10.    14.    17.    6.   
    4.     16.    12.    1.     6.     9.     8.     11.    10.    2.     15.    5.   
    12.    1.     3.     7.     6.     8.     5.     18.    4.     17.    2.     14.  
    3.     7.     4.     16.    18.    2.     9.     10.    17.    11.    5.     15.  
    3.     7.     4.     16.    5.     12.    11.    9.     6.     17.    15.    18.  
    3.     7.     9.     13.    12.    17.    11.    14.    10.    6.     4.     18.  
    12.    1.     3.     7.     14.    8.     11.    15.    10.    5.     6.     2.   
    4.     16.    3.     7.     15.    8.     12.    2.     17.    11.    6.     18.  
    12.    1.     9.     13.    17.    4.     2.     5.     8.     18.    11.    3.   
    3.     7.     12.    1.     8.     5.     2.     4.     14.    15.    18.    6.   
    4.     16.    9.     13.    15.    11.    8.     14.    2.     5.     10.    3.   
    9.     13.    4.     16.    14.    15.    8.     6.     5.     3.     11.    10.  
    3.     7.     9.     13.    14.    17.    5.     8.     2.     4.     10.    11.  
    9.     13.    3.     7.     10.    5.     17.    6.     18.    4.     11.    15.  
    9.     13.    4.     16.    2.     18.    11.    15.    8.     10.    17.    5.   
    3.     7.     4.     16.    12.    8.     17.    14.    15.    10.    6.     5.   
    4.     16.    3.     7.     12.    14.    9.     11.    5.     2.     17.    15.  
    4.     16.    3.     7.     2.     14.    11.    12.    10.    17.    8.     18.  
    9.     13.    3.     7.     4.     8.     15.    17.    11.    10.    2.     6.   
    12.    1.     3.     7.     18.    11.    6.     15.    9.     2.     4.     10.  
    9.     13.    3.     7.     11.    12.    4.     17.    6.     10.    15.    14.  
    4.     16.    12.    1.     11.    8.     6.     2.     18.    15.    5.     17.  
    9.     13.    12.    1.     3.     10.    14.    17.    5.     4.     11.    15.  
    12.    1.     4.     16.    18.    17.    2.     14.    5.     15.    8.     6.   
    3.     7.     12.    1.     8.     11.    9.     17.    15.    18.    10.    5.   
    4.     16.    9.     13.    6.     5.     17.    11.    10.    15.    14.    3.   
    9.     13.    3.     7.     5.     6.     10.    18.    17.    4.     2.     14.  
    9.     13.    3.     7.     14.    6.     12.    4.     18.    10.    11.    17.  
    9.     13.    3.     7.     17.    5.     4.     8.     15.    14.    10.    12.  
    3.     7.     12.    1.     17.    11.    4.     10.    18.    6.     5.     8.   
    4.     16.    12.    1.     18.    14.    8.     10.    11.    5.     3.     15.  
    4.     16.    12.    1.     3.     17.    18.    9.     11.    14.    15.    6.   
    3.     7.     9.     13.    12.    8.     4.     5.     6.     11.    10.    2.   
    4.     16.    3.     7.     15.    18.    14.    12.    10.    9.     2.     8.   
    12.    1.     3.     7.     18.    14.    9.     15.    17.    8.     5.     6.   
    9.     13.    12.    1.     3.     17.    8.     5.     10.    18.    6.     14.  
    4.     16.    9.     13.    2.     10.    5.     8.     6.     3.     18.    12.  
    3.     7.     4.     16.    15.    12.    5.     9.     18.    8.     10.    2.   
    4.     16.    3.     7.     15.    17.    18.    6.     2.     5.     9.     14.  
    4.     16.    12.    1.     15.    6.     10.    14.    17.    8.     9.     2.   
    12.    1.     9.     13.    17.    15.    2.     6.     3.     8.     14.    4.   
    3.     7.     4.     16.    17.    15.    11.    18.    6.     9.     14.    2.   
    9.     13.    3.     7.     5.     4.     17.    14.    2.     10.    6.     11.  
    12.    1.     3.     7.     17.    5.     15.    10.    11.    4.     9.     6.   
    3.     7.     4.     16.    6.     12.    5.     8.     2.     10.    11.    14.  
    12.    1.     4.     16.    14.    11.    9.     17.    18.    5.     3.     10.  
    9.     13.    4.     16.    5.     8.     3.     2.     18.    11.    10.    12.  
    9.     13.    12.    1.     3.     15.    17.    14.    8.     11.    2.     10.  
    3.     7.     9.     13.    12.    17.    15.    6.     14.    18.    2.     10.  
    3.     7.     4.     16.    18.    17.    15.    2.     8.     6.     11.    12.  
    12.    1.     3.     7.     10.    11.    14.    5.     9.     8.     18.    6.   
    4.     16.    3.     7.     5.     11.    2.     9.     17.    18.    14.    6.   
    3.     7.     12.    1.     8.     9.     2.     10.    15.    11.    4.     14.  
    4.     16.    9.     13.    6.     11.    8.     3.     2.     5.     17.    15.  
    9.     13.    12.    1.     17.    3.     5.     15.    6.     18.    11.    14.  
    9.     13.    12.    1.     5.     4.     8.     14.    11.    18.    6.     2.   
    3.     7.     4.     16.    9.     18.    17.    15.    12.    10.    14.    8.   
    12.    1.     3.     7.     17.    14.    6.     18.    4.     2.     10.    15.  
    9.     13.    12.    1.     17.    10.    15.    6.     3.     8.     18.    14.  
    3.     7.     9.     13.    2.     12.    5.     11.    4.     8.     6.     14.  
    4.     16.    9.     13.    14.    12.    2.     6.     8.     11.    3.     15.  
    3.     7.     12.    1.     14.    5.     11.    9.     2.     15.    10.    6.   
    9.     13.    3.     7.     10.    8.     11.    17.    14.    15.    2.     5.   
    3.     7.     4.     16.    8.     18.    12.    15.    14.    9.     10.    5.   
    12.    1.     4.     16.    3.     2.     8.     17.    9.     14.    10.    15.  
    12.    1.     4.     16.    9.     18.    5.     11.    2.     6.     10.    3.   
    4.     16.    9.     13.    10.    17.    5.     15.    18.    2.     12.    8.   
    4.     16.    12.    1.     17.    18.    14.    2.     15.    10.    5.     11.  
    3.     7.     9.     13.    12.    5.     14.    6.     8.     18.    15.    10.  
    9.     13.    4.     16.    5.     12.    10.    2.     8.     15.    17.    6.   
    9.     13.    4.     16.    2.     8.     3.     12.    11.    17.    10.    14.  
    9.     13.    4.     16.    17.    11.    6.     14.    15.    10.    2.     12.  
    4.     16.    3.     7.     10.    12.    8.     5.     15.    14.    11.    17.  
    9.     13.    3.     7.     17.    14.    4.     12.    6.     8.     2.     5.   
    9.     13.    12.    1.     5.     3.     6.     15.    11.    4.     18.    14.  
    3.     7.     12.    1.     2.     14.    10.    15.    4.     9.     17.    18.  
    9.     13.    4.     16.    10.    12.    11.    3.     15.    2.     5.     8.   
    4.     16.    9.     13.    10.    14.    3.     6.     18.    5.     11.    17.  
    4.     16.    3.     7.     18.    10.    11.    6.     17.    15.    9.     8.   
    3.     7.     9.     13.    15.    12.    2.     14.    6.     11.    8.     4.   
    4.     16.    9.     13.    3.     10.    2.     14.    5.     17.    12.    8.   
    3.     7.     4.     16.    17.    8.     9.     15.    14.    5.     12.    2.   
    12.    1.     3.     7.     17.    11.    9.     2.     14.    10.    15.    6.   
    3.     7.     9.     13.    10.    11.    2.     5.     12.    18.    6.     17.  
    12.    1.     3.     7.     6.     15.    18.    4.     14.    5.     10.    2.   
    9.     13.    3.     7.     5.     8.     11.    12.    18.    15.    10.    6.   
    4.     16.    3.     7.     2.     9.     8.     17.    18.    11.    5.     14.  
    12.    1.     3.     7.     6.     9.     18.    5.     4.     17.    8.     14.  
    12.    1.     9.     13.    2.     3.     8.     11.    10.    6.     15.    14.  
    9.     13.    4.     16.    2.     8.     5.     18.    6.     17.    10.    15.  
    4.     16.    9.     13.    8.     12.    11.    18.    17.    2.     3.     10.  
    12.    1.     9.     13.    2.     17.    14.    6.     11.    15.    4.     8.   
    12.    1.     4.     16.    9.     18.    2.     15.    5.     8.     11.    17.  
    9.     13.    3.     7.     11.    15.    14.    18.    12.    10.    5.     17.  
    3.     7.     4.     16.    17.    11.    10.    6.     15.    8.     18.    5.   
    9.     13.    12.    1.     6.     11.    14.    15.    8.     4.     2.     5.   
    9.     13.    3.     7.     8.     14.    4.     12.    5.     18.    10.    11.  
    3.     7.     4.     16.    10.    15.    11.    8.     14.    12.    6.     2.   
    3.     7.     4.     16.    2.     18.    8.     12.    5.     6.     10.    14.  
    12.    1.     9.     13.    3.     2.     5.     11.    8.     15.    4.     18.  
    4.     16.    9.     13.    6.     2.     8.     3.     10.    15.    11.    17.  
    4.     16.    12.    1.     14.    6.     2.     3.     15.    5.     17.    18.  
    12.    1.     9.     13.    10.    15.    17.    5.     14.    2.     3.     18.  
    12.    1.     9.     13.    2.     5.     6.     18.    11.    15.    8.     14.  
    3.     7.     9.     13.    2.     4.     11.    8.     6.     14.    5.     18.  
    12.    1.     3.     7.     14.    11.    8.     15.    2.     6.     4.     5.   
    12.    1.     9.     13.    8.     3.     2.     4.     11.    15.    10.    14.  
    3.     7.     4.     16.    15.    2.     12.    14.    10.    18.    5.     9.   
    4.     16.    3.     7.     6.     11.    10.    2.     14.    8.     12.    17.  
    4.     16.    12.    1.     15.    11.    9.     3.     8.     2.     17.    5.   
    12.    1.     4.     16.    6.     9.     14.    17.    3.     10.    5.     15.  
    9.     13.    12.    1.     2.     17.    6.     3.     11.    10.    4.     5.   
    12.    1.     4.     16.    15.    14.    5.     3.     10.    2.     9.     6.   
    4.     16.    3.     7.     17.    2.     15.    12.    5.     6.     8.     11.  
    12.    1.     9.     13.    18.    5.     11.    15.    8.     14.    10.    17.  
    9.     13.    3.     7.     18.    12.    8.     14.    5.     2.     6.     17.  
    9.     13.    12.    1.     17.    8.     6.     2.     14.    3.     11.    4.   
    4.     16.    9.     13.    3.     6.     11.    8.     17.    15.    18.    10.  
    4.     16.    12.    1.     11.    14.    17.    5.     6.     9.     8.     2.   
    3.     7.     12.    1.     18.    8.     15.    4.     14.    2.     11.    17.  
    12.    1.     9.     13.    11.    15.    10.    5.     14.    4.     6.     8.   
    4.     16.    12.    1.     18.    17.    10.    2.     3.     8.     15.    14.  
    4.     16.    3.     7.     6.     10.    12.    9.     8.     18.    11.    14.  
    3.     7.     9.     13.    11.    5.     8.     17.    4.     2.     10.    6.   
    3.     7.     12.    1.     6.     2.     5.     9.     10.    17.    4.     11.  
    4.     16.    12.    1.     5.     2.     3.     18.    8.     10.    11.    14.  
    9.     13.    3.     7.     18.    15.    5.     6.     4.     17.    10.    8.   
    4.     16.    9.     13.    8.     15.    3.     10.    17.    11.    2.     18.  
    3.     7.     12.    1.     11.    15.    14.    2.     5.     6.     10.    4.   
    3.     7.     12.    1.     4.     8.     5.     15.    2.     9.     18.    14.  
    4.     16.    12.    1.     11.    8.     10.    14.    5.     15.    18.    6.   
    12.    1.     4.     16.    11.    14.    3.     10.    6.     5.     8.     18.  
    12.    1.     3.     7.     2.     18.    17.    6.     5.     11.    4.     9.   
    9.     13.    3.     7.     6.     10.    14.    2.     12.    17.    5.     8.   
    4.     16.    9.     13.    6.     8.     2.     14.    10.    12.    18.    15.  
    12.    1.     4.     16.    3.     15.    10.    14.    11.    8.     17.    9.   
    3.     7.     12.    1.     15.    2.     5.     6.     4.     17.    10.    14.  
    4.     16.    3.     7.     15.    10.    9.     18.    12.    17.    11.    14.  
    3.     7.     4.     16.    5.     6.     12.    14.    10.    9.     17.    15.  
    9.     13.    4.     16.    11.    8.     12.    18.    17.    5.     10.    6.   
    4.     16.    12.    1.     5.     17.    2.     9.     3.     11.    6.     18.  
    4.     16.    9.     13.    14.    15.    2.     5.     6.     17.    12.    11.  
    9.     13.    4.     16.    2.     17.    18.    15.    6.     5.     14.    12.  
    12.    1.     4.     16.    11.    18.    6.     14.    3.     15.    5.     8.   
    3.     7.     9.     13.    6.     18.    2.     12.    4.     5.     8.     15.  
    12.    1.     3.     7.     8.     18.    9.     5.     2.     10.    15.    11.  
    4.     16.    12.    1.     10.    15.    11.    6.     5.     14.    17.    8.   
    4.     16.    12.    1.     6.     18.    10.    14.    8.     2.     3.     5.   
    9.     13.    4.     16.    14.    17.    3.     15.    5.     12.    10.    6.   
    12.    1.     4.     16.    6.     18.    10.    8.     3.     5.     15.    2.   
    4.     16.    12.    1.     18.    2.     6.     17.    8.     10.    15.    14.  
    3.     7.     12.    1.     4.     5.     18.    10.    14.    17.    15.    2.   
    9.     13.    12.    1.     5.     8.     3.     18.    14.    10.    17.    15.  
    4.     16.    3.     7.     10.    6.     18.    14.    15.    2.     5.     11.  
    12.    1.     9.     13.    14.    17.    8.     3.     15.    10.    18.    4.   
    9.     13.    3.     7.     4.     15.    17.    5.     8.     10.    14.    12.  
    3.     7.     9.     13.    4.     18.    5.     6.     11.    12.    15.    17.  
    9.     13.    4.     16.    10.    14.    3.     5.     6.     2.     11.    17.  
    12.    1.     4.     16.    11.    6.     9.     17.    5.     18.    2.     8.   
    9.     13.    3.     7.     10.    6.     17.    8.     18.    2.     4.     14.  
    4.     16.    3.     7.     18.    6.     2.     9.     14.    5.     10.    8.   
    9.     13.    4.     16.    6.     17.    11.    15.    2.     12.    18.    8.   
    12.    1.     3.     7.     5.     11.    10.    6.     2.     4.     17.    14.  
    9.     13.    4.     16.    15.    6.     12.    17.    5.     10.    14.    18.  
    3.     7.     9.     13.    17.    18.    10.    5.     6.     14.    2.     8.   
    12.    1.     3.     7.     10.    4.     17.    14.    15.    9.     6.     18.  
    12.    1.     3.     7.     10.    4.     6.     14.    8.     2.     9.     5.   
    4.     16.    3.     7.     8.     11.    9.     15.    6.     5.     12.    17.  
    4.     16.    12.    1.     6.     2.     5.     11.    14.    3.     9.     18.  
    9.     13.    12.    1.     3.     11.    2.     15.    6.     18.    4.     14.  
    4.     16.    12.    1.     3.     10.    8.     9.     14.    11.    5.     17.  
    4.     16.    12.    1.     14.    17.    8.     3.     6.     18.    5.     2.   
    9.     13.    4.     16.    6.     8.     5.     17.    11.    12.    18.    10.  
    12.    1.     3.     7.     8.     9.     14.    4.     11.    6.     17.    15.  
    3.     7.     12.    1.     10.    5.     11.    9.     2.     4.     14.    6.   
    3.     7.     12.    1.     18.    6.     9.     14.    2.     10.    5.     17.  
    12.    1.     3.     7.     4.     10.    15.    9.     2.     8.     17.    18.  
    4.     16.    3.     7.     17.    11.    9.     10.    5.     6.     15.    18.  
    9.     13.    3.     7.     15.    8.     2.     11.    5.     17.    4.     6.   
    9.     13.    3.     7.     10.    18.    15.    4.     14.    12.    11.    8.   
    12.    1.     9.     13.    17.    3.     18.    10.    11.    4.     8.     15.  
    4.     16.    3.     7.     15.    9.     5.     18.    2.     8.     6.     17.  
    12.    1.     3.     7.     15.    14.    10.    11.    6.     9.     4.     8.   
    9.     13.    4.     16.    17.    10.    5.     14.    11.    3.     18.    2.   
    9.     13.    4.     16.    14.    6.     10.    15.    17.    18.    5.     11.  
    9.     13.    4.     16.    10.    2.     3.     14.    15.    17.    8.     5.   
    9.     13.    12.    1.     15.    4.     11.    3.     2.     14.    8.     6.   
    3.     7.     4.     16.    6.     17.    8.     15.    11.    5.     14.    18.  
    12.    1.     4.     16.    18.    14.    17.    3.     15.    9.     6.     8.   
    4.     16.    9.     13.    14.    17.    11.    5.     10.    2.     15.    8.   
    12.    1.     9.     13.    8.     11.    3.     10.    6.     5.     18.    15.  
    9.     13.    4.     16.    11.    12.    15.    5.     18.    6.     14.    2.   
    12.    1.     3.     7.     9.     6.     18.    2.     17.    4.     11.    15.  
    3.     7.     12.    1.     10.    9.     4.     2.     11.    15.    8.     6.   
    9.     13.    12.    1.     18.    5.     15.    3.     2.     10.    14.    11.  
    4.     16.    12.    1.     15.    8.     3.     14.    6.     17.    2.     9.   
    4.     16.    9.     13.    10.    17.    14.    8.     11.    12.    2.     18.  
    4.     16.    9.     13.    10.    2.     14.    12.    5.     17.    11.    18.  
    9.     13.    12.    1.     6.     17.    11.    8.     5.     14.    4.     10.